66019
66020
66021
66022
66025
66034
66053
66055
66056
66057
66058
66059
66060
66061
66062
66063
66065
66066
66067
66068
66069
66070
66071
66072
66073
66079
66080
66081
66082
66083
66084
66085
66086
66087
66088
66089
66090
66091
66092
66093
66094
66095
66096
66097
66098
66099
66105
66106
66107
66108
66109
66110
66111
66112
66113
66114
66115
66116
66117
66122
66123
66126
66127
66128
66129
66133
66134
66135
66136
66137
66138
66139
66141
66142
66143
66144
66145
66146
66147
66148
66149
66150
66151
66152
66158
66159
66160
66161
66162
66163
66164
66165
66166
66167
66170
66171
66172
66173
66174
66175
66176
66178
66179
66180
66181
66182
66183
66184
66185
66186
66187
66188
66189
66190
66191
66192
66193
66194
66195
66196
66197
66198
66199
66200
66201
66202
66203
66204
66205
66206
66207
66208
66209
66210
66211
66212
66213
66214
66215
66216
66218
66219
66220
66221
66222
66223
66224
66226
66227
66228
66229
66230
66231
66232
66234
66235
66236
66237
66242
66243
66244
66245
66256
66258
66263
66264
66265
66266
66267
66268
66269
66270
66271
66272
66275
66278
66280
66282
66283
66284
66285
66286
66287
66288
66289
66290
66295
66296
66297
66298
66299
66300
66301
66304
66305
66306
66307
66308
66309
66310
66311
66312
66313
66314
66315
66317
66318
66319
66321
66327
66328
66329
66330
66332
66334
66335
66336
66337
66338
66339
66340
66342
66343
66344
66345
66346
66347
66348
66349
66354
66355
66356
66357
66358
66359
66360
66361
66362
66363
66364
66365
66366
66367
66368
66374
66376
66377
66378
66379
66380
66381
66382
66384
66386
66387
66389
66391
66392
66393
66394
66395
66396
66397
66398
66399
66400
66401
66402
66403
66404
66405
66406
66407
66408
66409
66410
66411
66412
66413
66414
66415
66416
66417
66418
66419
66420
66421
66422
66423
66424
66425
66426
66427
66428
66429
66430
66431
66432
66433
66434
66435
66436
66437
66438
66439
66440
66441
66442
66443
66444
66445
66446
66447
66448
66449
66450
66451
66452
66453
66454
66455
66456
66457
66458
66459
66460
66461
66462
66463
66464
66465
66466
66467
66468
66469
66470
66471
66472
66473
66474
66475
66476
66477
66478
10000020
10000021