65209
65210
65210
65211
65212
65213
65213
65214
65214
65216
65217
65218
65218
65219
65220
65221
65222
65223
65223
65224
65224
65225
65226
65226
65227
65228
65229
65230
65230
65231
65232
65232
65233
65234
65235
65236
65237
65238
65239
65239
65240
65241
65242
65243
65244
65244
65245
65246
65247
65248
65249
65250
65251
65252
65253
65254
65255
65256
65257
65258
65259
65260
65261
65262
65263
65264
65265
65266
65267
65268
65269
65270
65271
65272
65273
65274
65275
65276
65278
65279
65279
65280
65281
65282
65283
65284
65285
65286
65286
65287
65288
65289
65290
65291
65292
65293
65294
65295
65296
65296
65297
65298
65301
65302
65303
65303
65304
65305
65306
65307
65308
65310
65311
65312
65313
65314
65315
65316
65317
65318
65319
65321
65321
65322
65323
65324
65325
65326
65326
65327
65328
65329
65330
65331
65332
65333
65334
65335
65336
65336
65337
65338
65339
65339
65340
65341
65342
65342
65343
65343
65344
65345
65346
65347
65347
65348
65349
65350
65350
65351
65351
65352
65353
65354
65354
65355
65356
65357
65357
65358
65359
65360
65368
65369
65369
65370
65371
65372
65373
65374
65375
65376
65377
65378